# This is a list which coheres to the card data used in the main program.
# Format: [card_number ,card_type, first set of 4 is the YES stats, second set of 4 is the NO stats for player choice. 1st = Physical, 2nd = Mental, 3rd = Social, 4th = Financial, the final 4 digits are for the special requirement cards where player must have minimum life bar stats]

1,Binary,4,0,2,0,-2,0,-2,0
2,Binary,2,0,0,0,-2,0,0,0
3,Binary,0,0,2,0,0,-2,0,0
4,Binary,2,2,0,0,-2,-2,0,0
5,Binary,0,0,2,0,-15,-10,0,0
6,Binary,4,0,0,0,0,-2,0,0
7,Binary,0,-2,2,0,0,0,-1,0
8,Binary,0,0,3,0,-10,-5,2,0
9,Binary,-1,2,-2,0,0,0,0,0
10,Binary,4,0,2,0,-2,-1,0,0
11,Binary,0,2,4,0,0,0,-4,0,0,20,0,0
12,Binary,0,2,4,0,0,0,-4,0,0,20,0,0
13,Binary,0,2,3,0,0,-1,-3,0,0,10,10,0
14,Binary,-10,-5,3,0,0,3,-2,0
15,Binary,0,6,3,0,0,-5,-3,0,0,25,0,0
16,Binary,-15,0,3,0,0,5,0,0
17,Binary,-20,0,15,0,0,4,-2,0
18,Binary,0,3,2,0,-2,-2,0,0
19,Binary,0,4,-2,0,0,0,0,0,0,20,0,0
20,Binary,0,4,-4,0,0,-3,0,0
21,Binary,0,-5,4,0,0,3,0,0
22,Binary,4,0,3,0,-3,0,-2,0,30,0,0,0
23,Binary,-3,0,3,0,0,2,-3,0
24,Binary,2,0,5,0,0,2,-10,0
25,Binary,0,2,2,0,-5,-2,4,0
26,Binary,-4,0,0,0,0,2,0,0
27,Binary,-3,-2,2,0,0,1,-2,0
28,Binary,3,0,0,0,0,0,0,0
29,Binary,-10,-1,0,0,0,1,0,0
30,Binary,2,0,0,0,-6,0,0,0
31,Binary,-5,-4,-3,0,0,2,2,0
32,Binary,0,0,-5,0,0,0,2,0
33,Binary,0,-3,-3,0,2,0,0,0
34,Binary,-3,-2,-2,0,0,1,0,0
35,Binary,0,2,2,0,0,0,-1,0
36,Binary,-15,-5,4,0,0,2,0,0
37,Binary,-3,-2,-2,0,0,0,0,0
38,Binary,0,0,-10,0,0,2,-15,0
39,Binary,0,0,3,0,0,0,0,0
40,Binary,-20,-4,5,0,0,3,0,0
41,Binary,0,4,0,0,0,-4,0,0
42,Binary,-3,-3,2,0,0,3,-2,0
43,Binary,0,4,-2,0,0,-4,2,0
44,Binary,-2,-4,3,0,2,2,-10,0
45,Binary,0,0,2,0,0,0,-4,0
46,Binary,0,2,2,0,0,-2,-2,0
47,Binary,0,10,-10,0,0,0,0,0,0,30,0,0
48,Binary,-5,-3,-2,0,0,2,0,0
49,Binary,0,4,-7,0,0,0,0,0
50,Binary,0,0,4,0,0,0,-2,0
51,Binary,0,-3,0,0,0,3,0,0
52,Binary,-10,0,-10,0,0,4,0,0
53,Binary,0,-4,-4,0,0,4,5,0
54,Multiple,0,5,-2,0,0,-4,0,0,0,20,0,0
55,Binary,5,-4,-3,0,0,2,0,0
56,Binary,-3,-3,-8,0,0,2,4,0
57,Binary,5,0,5,0,0,0,0,0,40,0,0,0
58,Binary,0,5,-5,0,0,0,0,0,0,40,0,0
59,Binary,0,-3,-5,0,0,2,2,0
60,Binary,0,6,-6,0,0,-6,2,0
61,Binary,-5,-5,3,0,-5,3,-4,0
62,Binary,0,2,2,0,0,-2,-2,0
63,Binary,-10,-5,-3,0,10,5,3,0
64,Binary,0,3,-3,0,0,3,0,0
65,Binary,-5,5,-5,0,0,0,0,0,0,45,0,0
66,Binary,0,5,5,0,0,-2,-5,0
67,Binary,-2,-2,-2,0,0,0,0,0,0,5,0,0
68,Binary,5,0,4,0,0,0,0,0,35,0,0,0
69,Binary,0,2,2,0,0,-2,-2,0
70,Binary,-100,0,0,0,0,8,0,0
71,Binary,0,4,0,0,-100,0,0,0
72,Binary,0,2,4,0,0,0,-4,0
73,Binary,0,0,5,0,0,0,-5,0
74,Multiple,0,5,-5,0,0,-4,2,0,0,25,0,0
75,Multiple,0,5,-5,0,0,-4,2,0,0,25,0,0
76,Binary,0,3,5,0,0,0,0,0,0,0,25,0
77,Binary,-2,-5,5,0,0,3,0,0
78,Binary,5,5,5,0,0,0,0,0,0,25,15,0
79,Binary,0,-4,-10,0,0,2,2,0
80,Binary,0,-3,5,0,0,5,0,0
81,Binary,0,-5,-5,0,0,3,0,0
82,Binary,0,-5,-5,0,0,3,0,0
83,Binary,0,3,-2,0,0,-3,4,0
84,Binary,-3,-3,-3,0,0,3,3,0
85,Binary,-2,-2,2,0,2,2,-2,0
86,Binary,0,-3,-3,0,0,3,3,0
87,Binary,10,8,5,0,-10,-8,-5,0
88,Binary,-2,-5,-5,0,0,0,0,0,0,25,10,0
89,Binary,10,0,-4,0,-3,0,4,0
90,Binary,0,5,3,0,0,-4,0,0
91,Binary,10,3,3,0,0,0,0,0
92,Binary,-100,0,0,0,2,3,0,0
93,Binary,5,5,3,0,-3,-3,-5,0
94,Binary,0,0,3,0,0,0,-3,0
95,Binary,0,3,3,0,0,-3,-3,0
96,Binary,0,8,-5,0,0,0,0,0,0,55,0,0
97,Binary,5,5,5,0,0,0,0,0,0,15,25,0
98,Multiple,0,5,-5,0,4,4,4,0,0,30,0,0
99,Binary,0,0,-4,0,0,0,4,0
100,Binary,10,-4,0,0,0,0,0,0,45,0,0,0
101,Binary,-3,-3,-3,0,0,3,3,0
102,Multiple,0,5,-5,0,0,-5,5,0,0,45,0,0
103,Binary,-100,0,0,0,0,4,2,0
104,Multiple,0,5,-10,0,-10,2,0,0,0,50,0,0
105,Binary,10,-3,5,1,0,0,-3,0,30,25,30,0
106,Binary,10,-3,5,1,0,0,-3,0,30,25,30,0
107,Binary,-2,5,-2,0,-4,-4,-4,0
108,Binary,8,-2,5,0,0,0,-4,0
109,Multiple,0,5,-5,0,0,-5,-2,0,0,45,0,0
110,Binary,0,-4,10,0,0,4,-5,0
111,Binary,0,-4,10,0,0,4,-5,0
112,Binary,0,-4,10,0,0,4,-5,0
113,Binary,0,-2,5,0,0,2,0,0
114,Binary,7,-3,5,1,0,0,-3,0,30,25,30,1
115,Binary,-2,-4,3,0,3,3,3,0,0,0,45,0
116,Multiple,0,5,-5,0,0,-4,2,0,0,50,0,0
117,Multiple,0,5,-5,0,0,-4,2,0,0,45,0,0
118,Binary,-2,-2,8,0,0,0,0,0,0,30,45,0
119,Binary,0,3,0,0,0,-2,3,1
120,Binary,-6,-3,-6,0,3,3,3,0
121,Binary,0,-2,3,0,0,2,-3,0
122,Multiple,0,5,-5,0,0,-4,2,0,0,50,0,0
123,Binary,4,2,3,0,-2,-2,-3,0
124,Binary,3,3,3,1,-3,-3,-3,0
125,Binary,0,0,0,1,0,0,0,0
126,Binary,-5,-5,-5,0,4,4,4,1
127,Binary,-10,-5,4,0,4,3,2,0
128,Binary,0,0,-5,0,0,0,3,0
129,Multiple,0,8,-8,0,0,8,-8,0,0,55,0,0
130,Binary,-2,-2,-2,0,3,3,3,0
131,Binary,0,-3,3,0,0,4,-2,0
132,Binary,15,-3,3,0,-4,0,0,0
133,Binary,-7,-4,4,0,4,5,0,0
134,Multiple,0,5,-6,0,0,-7,3,0,0,45,0,0
135,Binary,0,5,10,0,0,0,0,0,0,75,40,0
136,Binary,0,5,-3,0,0,-6,3,0
137,Binary,0,3,3,1,0,-3,-3,0
138,Binary,5,2,4,0,-2,-2,-6,0
139,Binary,10,-3,5,1,0,0,-3,0,25,40,45,0
140,Binary,10,-3,5,1,0,0,-3,0,25,40,45,0
141,Binary,0,2,3,0,0,-2,-3,0
142,Binary,3,3,3,-1,0,0,-6,0
143,Binary,0,2,-2,6,0,-5,-3,0,0,90,0,0
144,Binary,0,0,4,0,0,0,-10,0
145,Multiple,0,5,-4,0,0,-8,3,0,0,65,0,0
146,Binary,10,3,3,-1,-4,-3,-3,0
147,Binary,-100,0,0,0,0,0,0,0
148,Binary,5,5,5,0,0,0,0,0,0,15,10,0
149,Binary,0,2,3,0,0,-3,-9,0
150,Multiple,0,5,-4,0,0,-8,3,0,0,68,0,0
151,Binary,0,-4,-10,0,0,0,0,0
152,Binary,0,2,4,0,0,0,-2,0
153,Binary,8,4,4,-1,-5,-2,-2,0
154,Binary,5,10,-10,0,-4,-4,-4,0
155,Binary,0,0,0,0,0,0,0,0,10,10,10,0
156,Binary,2,3,3,0,0,0,0,0,10,25,35,0
157,Binary,0,3,3,0,0,-4,-5,0
158,Binary,-20,5,10,5,0,-4,0,0
159,Binary,0,4,-10,0,0,-10,4,0
160,Binary,-100,0,0,0,0,3,0,0
161,Binary,-3,4,-3,0,0,0,0,0,0,75,20,0
162,Binary,0,0,0,0,0,0,0,0,0,60,0,0
163,Binary,0,0,0,0,0,0,0,0,0,0,0,0
164,Binary,0,0,0,0,0,0,0,0,0,0,0,0
165,Binary,0,0,0,0,0,0,0,0,0,90,0,0
166,Binary,0,0,0,0,0,0,0,0,30,20,0,0
167,Binary,8,4,2,0,-4,-2,-4,0
168,Binary,0,3,8,0,0,-2,-8,0
169,Binary,0,0,0,0,0,0,0,0,10,40,30,0
170,Binary,0,0,0,0,0,0,0,0,0,70,0,0
171,Binary,0,0,0,0,0,0,0,0,15,30,0,0
172,Binary,0,0,0,0,0,0,0,0,0,75,0,0
173,Binary,0,2,3,0,0,0,-10,0
174,Binary,5,5,5,0,0,0,0,0
175,Binary,3,3,2,0,-3,-3,-2,0
176,Binary,-15,-5,-5,0,-3,6,-2,0
177,Binary,5,5,5,0,0,0,0,0
178,Binary,-40,0,0,0,0,3,2,0
179,Binary,-65,0,0,0,0,3,2,0
180,Binary,2,0,4,0,0,-3,-6,0
181,Binary,2,2,2,0,-2,-2,-2,-2
182,Binary,3,3,3,0,0,0,0,0
183,Binary,4,4,3,-5,0,-3,-3,0
184,Binary,-5,-6,-10,-1,3,0,2,0
185,Binary,100,0,0,0,0,0,0,0
186,Binary,-1,2,0,0,0,-2,0,0
187,Binary,0,1,-3,0,0,-2,1,0
188,Binary,0,0,2,0,0,0,-4,0
189,Binary,0,0,2,0,0,0,-5,0
190,Binary,0,0,2,0,0,0,-5,0
191,Binary,1,1,1,0,-2,-2,-2,0
192,Binary,0,-2,2,0,0,0,-2,0
193,Binary,-100,0,0,0,1,1,0,0
194,Binary,0,1,2,0,0,0,-4,0
195,Binary,0,-2,2,0,0,1,-4,0
196,Binary,0,-2,-2,0,0,0,2,0
197,Binary,-4,0,-2,0,1,0,0,0
198,Binary,2,0,1,0,-3,0,-2,0
199,Binary,0,0,-3,0,0,0,1,0
200,Binary,2,2,2,0,-6,-6,-6,0
201,Binary,0,2,-2,0,0,0,0,0
202,Binary,0,-4,-2,0,0,2,1,0
203,Binary,-5,0,0,0,1,0,0,0
204,Binary,2,0,0,0,-4,0,0,0
205,Binary,0,0,2,0,0,0,-4,0
206,Binary,0,0,-3,0,0,0,1,0
207,Binary,0,0,100,0,0,0,0,0
208,Binary,0,1,2,0,0,0,-3,0
209,Binary,0,2,-3,0,0,-1,1,0
210,Binary,0,-1,1,0,0,1,-1,0
211,Binary,-3,-2,0,0,2,0,0,0
212,Binary,0,0,2,0,0,0,-4,0
213,Binary,0,0,0,0,100,0,0,0
214,Binary,0,-2,-4,0,0,1,1,0
215,Binary,0,0,1,0,0,0,-3,0
216,Binary,0,-2,0,0,0,0,0,0
217,Binary,0,-4,1,0,0,2,-3,0
218,Binary,0,1,2,0,0,0,-4,0
219,Binary,2,0,0,0,-4,0,0,0
220,Binary,0,0,-4,0,0,0,1,0
221,Binary,1,1,1,0,-3,-3,-3,0
222,Binary,-2,-2,-4,0,0,2,2,0
223,Binary,0,2,-4,0,0,-1,1,0
224,Binary,2,0,0,0,-3,0,0,0
225,Binary,0,2,2,0,0,-3,0,0
226,Binary,0,0,2,0,0,0,-6,0
227,Binary,0,-2,2,0,0,-2,-2,0
228,Binary,-100,0,0,0,0,1,0,0
229,Binary,2,2,2,0,-1,-1,-1,0
230,Binary,0,0,-4,0,0,1,1,0
231,Binary,0,0,0,0,0,0,0,0
232,Binary,0,0,0,0,0,0,0,0
233,Binary,0,0,0,0,0,0,0,0
234,Binary,0,0,0,0,0,0,0,0
235,Binary,0,0,0,0,0,0,0,0
236,Binary,0,0,0,0,0,0,0,0
237,Binary,0,0,0,0,0,0,0,0
238,Binary,0,0,0,0,0,0,0,0
239,Binary,0,0,0,0,0,0,0,0
240,Binary,0,0,0,0,0,0,0,0
241,Binary,0,0,0,0,0,0,0,0
242,Binary,0,0,0,0,0,0,0,0
243,Binary,0,0,0,0,0,0,0,0
244,Binary,0,0,0,0,0,0,0,0
245,Binary,0,0,0,0,0,0,0,0
246,Binary,0,0,0,0,0,0,0,0
247,Binary,0,0,0,0,0,0,0,0
248,Binary,0,0,0,0,0,0,0,0
249,Binary,0,0,0,0,0,0,0,0
250,Binary,0,0,0,0,0,0,0,0
251,Binary,0,0,0,0,0,0,0,0
252,Binary,0,0,0,0,0,0,0,0
253,Binary,0,0,0,0,0,0,0,0
254,Binary,0,0,0,0,0,0,0,0
255,Binary,0,0,0,0,0,0,0,0
256,Binary,0,0,0,0,0,0,0,0
257,Binary,0,0,0,0,0,0,0,0
258,Binary,0,0,0,0,0,0,0,0
259,Binary,0,0,0,0,0,0,0,0
260,Binary,0,0,0,0,0,0,0,0
261,Binary,0,0,0,0,0,0,0,0
262,Binary,0,0,0,0,0,0,0,0
263,Binary,0,0,0,0,0,0,0,0
264,Binary,0,0,0,0,0,0,0,0
265,Binary,0,0,0,0,0,0,0,0
266,Binary,0,0,0,0,0,0,0,0
267,Binary,0,0,0,0,0,0,0,0
268,Binary,0,0,0,0,0,0,0,0
269,Binary,0,0,0,0,0,0,0,0
270,Binary,0,0,0,0,0,0,0,0
271,Binary,0,0,0,0,0,0,0,0
272,Binary,0,0,0,0,0,0,0,0
273,Binary,0,0,0,0,0,0,0,0
274,Binary,0,0,0,0,0,0,0,0
275,Binary,0,0,0,0,0,0,0,0
276,Binary,0,0,0,0,0,0,0,0
277,Binary,0,0,0,0,0,0,0,0
278,Binary,0,0,0,0,0,0,0,0
279,Binary,0,0,0,0,0,0,0,0
280,Binary,0,0,0,0,0,0,0,0
281,Binary,0,0,0,0,0,0,0,0
282,Binary,0,0,0,0,0,0,0,0
283,Binary,0,0,0,0,0,0,0,0
284,Binary,0,0,0,0,0,0,0,0
285,Binary,0,0,0,0,0,0,0,0
286,Binary,0,0,0,0,0,0,0,0
287,Binary,0,0,0,0,0,0,0,0
288,Binary,0,0,0,0,0,0,0,0
289,Binary,0,0,0,0,0,0,0,0
290,Binary,0,0,0,0,0,0,0,0
291,Binary,0,0,0,0,0,0,0,0
292,Binary,0,0,0,0,0,0,0,0
293,Binary,0,0,0,0,0,0,0,0
294,Binary,0,0,0,0,0,0,0,0
295,Binary,0,0,0,0,0,0,0,0
296,Binary,0,0,0,0,0,0,0,0
297,Binary,0,0,0,0,0,0,0,0
298,Binary,0,0,0,0,0,0,0,0
299,Binary,0,0,0,0,0,0,0,0
300,Binary,0,0,0,0,0,0,0,0
301,Binary,0,0,0,0,0,0,0,0
302,Binary,0,0,0,0,0,0,0,0
303,Binary,0,0,0,0,0,0,0,0
304,Binary,0,0,0,0,0,0,0,0
305,Binary,0,0,0,0,0,0,0,0
306,Binary,0,0,0,0,0,0,0,0
307,Binary,0,0,0,0,0,0,0,0
308,Binary,0,0,0,0,0,0,0,0
309,Binary,0,0,0,0,0,0,0,0
310,Binary,0,0,0,0,0,0,0,0
311,Binary,0,0,0,0,0,0,0,0
312,Binary,0,0,0,0,0,0,0,0
313,Binary,0,0,0,0,0,0,0,0
314,Binary,0,0,0,0,0,0,0,0
315,Binary,0,0,0,0,0,0,0,0
316,Binary,0,0,0,0,0,0,0,0
317,Binary,0,0,0,0,0,0,0,0
318,Binary,0,0,0,0,0,0,0,0
319,Binary,0,0,0,0,0,0,0,0
320,Binary,0,0,0,0,0,0,0,0
321,Binary,0,0,0,0,0,0,0,0
322,Binary,0,0,0,0,0,0,0,0
323,Binary,0,0,0,0,0,0,0,0
324,Binary,0,0,0,0,0,0,0,0
325,Binary,0,0,0,0,0,0,0,0
326,Binary,0,0,0,0,0,0,0,0
327,Binary,0,0,0,0,0,0,0,0
328,Binary,0,0,0,0,0,0,0,0
329,Binary,0,0,0,0,0,0,0,0
330,Binary,0,0,0,0,0,0,0,0
331,Binary,0,0,0,0,0,0,0,0
332,Binary,0,0,0,0,0,0,0,0
333,Binary,0,0,0,0,0,0,0,0
334,Binary,0,0,0,0,0,0,0,0
335,Binary,0,0,0,0,0,0,0,0
336,Binary,0,0,0,0,0,0,0,0
337,Binary,0,0,0,0,0,0,0,0
338,Binary,0,0,0,0,0,0,0,0
339,Binary,0,0,0,0,0,0,0,0
340,Binary,0,0,0,0,0,0,0,0
341,Binary,0,0,0,0,0,0,0,0
342,Binary,0,0,0,0,0,0,0,0
343,Binary,0,0,0,0,0,0,0,0
344,Binary,0,0,0,0,0,0,0,0
345,Binary,0,0,0,0,0,0,0,0
346,Binary,0,0,0,0,0,0,0,0
347,Binary,0,0,0,0,0,0,0,0
348,Binary,0,0,0,0,0,0,0,0
349,Binary,0,0,0,0,0,0,0,0
350,Binary,0,0,0,0,0,0,0,0
351,Binary,0,0,0,0,0,0,0,0
352,Binary,0,0,0,0,0,0,0,0
353,Binary,0,0,0,0,0,0,0,0
354,Binary,0,0,0,0,0,0,0,0
355,Binary,0,0,0,0,0,0,0,0
356,Binary,0,0,0,0,0,0,0,0
357,Binary,0,0,0,0,0,0,0,0
358,Binary,0,0,0,0,0,0,0,0
359,Binary,0,0,0,0,0,0,0,0
360,Binary,0,0,0,0,0,0,0,0
361,Binary,0,0,0,0,0,0,0,0
362,Binary,0,0,0,0,0,0,0,0
363,Binary,0,0,0,0,0,0,0,0
364,Binary,0,0,0,0,0,0,0,0
365,Binary,0,0,0,0,0,0,0,0
366,Binary,0,0,0,0,0,0,0,0
367,Binary,0,0,0,0,0,0,0,0
368,Binary,0,0,0,0,0,0,0,0
369,Binary,0,0,0,0,0,0,0,0
370,Binary,0,0,0,0,0,0,0,0
371,Binary,0,0,0,0,0,0,0,0
372,Binary,0,0,0,0,0,0,0,0
373,Binary,0,0,0,0,0,0,0,0
374,Binary,0,0,0,0,0,0,0,0
375,Binary,0,0,0,0,0,0,0,0
376,Binary,0,0,0,0,0,0,0,0
377,Binary,0,0,0,0,0,0,0,0
378,Binary,0,0,0,0,0,0,0,0
379,Binary,0,0,0,0,0,0,0,0
380,Binary,0,0,0,0,0,0,0,0
381,Binary,0,0,0,0,0,0,0,0
382,Binary,0,0,0,0,0,0,0,0
383,Binary,0,0,0,0,0,0,0,0
384,Binary,0,0,0,0,0,0,0,0
385,Binary,0,0,0,0,0,0,0,0
386,Binary,0,0,0,0,0,0,0,0
387,Binary,0,0,0,0,0,0,0,0
388,Binary,0,0,0,0,0,0,0,0
389,Binary,0,0,0,0,0,0,0,0
390,Binary,0,0,0,0,0,0,0,0
391,Binary,0,0,0,0,0,0,0,0
392,Binary,0,0,0,0,0,0,0,0
393,Binary,0,0,0,0,0,0,0,0
394,Binary,0,0,0,0,0,0,0,0
395,Binary,0,0,0,0,0,0,0,0
396,Binary,0,0,0,0,0,0,0,0
397,Binary,0,0,0,0,0,0,0,0
398,Binary,0,0,0,0,0,0,0,0
399,Binary,0,0,0,0,0,0,0,0
400,Binary,0,0,0,0,0,0,0,0
401,Binary,0,0,0,0,0,0,0,0
402,Binary,0,0,0,0,0,0,0,0
403,Binary,0,0,0,0,0,0,0,0
404,Binary,0,0,0,0,0,0,0,0
405,Binary,0,0,0,0,0,0,0,0
406,Binary,0,0,0,0,0,0,0,0
407,Binary,0,0,0,0,0,0,0,0
408,Binary,0,0,0,0,0,0,0,0
409,Binary,0,0,0,0,0,0,0,0
410,Binary,0,0,0,0,0,0,0,0
411,Binary,0,0,0,0,0,0,0,0
412,Binary,0,0,0,0,0,0,0,0
413,Binary,0,0,0,0,0,0,0,0
414,Binary,0,0,0,0,0,0,0,0
415,Binary,0,0,0,0,0,0,0,0
416,Binary,0,0,0,0,0,0,0,0
417,Binary,0,0,0,0,0,0,0,0
418,Binary,0,0,0,0,0,0,0,0
419,Binary,0,0,0,0,0,0,0,0
420,Binary,0,0,0,0,0,0,0,0
421,Binary,0,0,0,0,0,0,0,0
422,Binary,0,0,0,0,0,0,0,0
423,Binary,0,0,0,0,0,0,0,0
424,Binary,0,0,0,0,0,0,0,0
425,Binary,0,0,0,0,0,0,0,0
426,Binary,0,0,0,0,0,0,0,0
427,Binary,0,0,0,0,0,0,0,0
428,Binary,0,0,0,0,0,0,0,0
429,Binary,0,0,0,0,0,0,0,0
430,Binary,0,0,0,0,0,0,0,0
431,Binary,0,0,0,0,0,0,0,0
432,Binary,0,0,0,0,0,0,0,0
433,Binary,0,0,0,0,0,0,0,0
434,Binary,0,0,0,0,0,0,0,0
435,Binary,0,0,0,0,0,0,0,0
436,Binary,0,0,0,0,0,0,0,0
437,Binary,0,0,0,0,0,0,0,0
438,Binary,0,0,0,0,0,0,0,0
439,Binary,0,0,0,0,0,0,0,0
440,Binary,0,0,0,0,0,0,0,0
441,Binary,0,0,0,0,0,0,0,0
442,Binary,0,0,0,0,0,0,0,0
443,Binary,0,0,0,0,0,0,0,0
444,Binary,0,0,0,0,0,0,0,0
445,Binary,0,0,0,0,0,0,0,0
446,Binary,0,0,0,0,0,0,0,0
447,Binary,0,0,0,0,0,0,0,0
448,Binary,0,0,0,0,0,0,0,0
449,Binary,0,0,0,0,0,0,0,0
450,Binary,0,0,0,0,0,0,0,0
451,Binary,0,0,0,0,0,0,0,0
452,Binary,0,0,0,0,0,0,0,0
453,Binary,0,0,0,0,0,0,0,0
454,Binary,0,0,0,0,0,0,0,0
455,Binary,0,0,0,0,0,0,0,0
456,Binary,0,0,0,0,0,0,0,0
457,Binary,0,0,0,0,0,0,0,0
458,Binary,0,0,0,0,0,0,0,0
459,Binary,0,0,0,0,0,0,0,0
460,Binary,0,0,0,0,0,0,0,0
461,Binary,0,0,0,0,0,0,0,0
462,Binary,0,0,0,0,0,0,0,0
463,Binary,0,0,0,0,0,0,0,0
464,Binary,0,0,0,0,0,0,0,0
465,Binary,0,0,0,0,0,0,0,0
466,Binary,0,0,0,0,0,0,0,0
467,Binary,0,0,0,0,0,0,0,0
468,Binary,0,0,0,0,0,0,0,0
469,Binary,0,0,0,0,0,0,0,0
470,Binary,0,0,0,0,0,0,0,0
471,Binary,0,0,0,0,0,0,0,0
472,Binary,0,0,0,0,0,0,0,0
473,Binary,0,0,0,0,0,0,0,0
474,Binary,0,0,0,0,0,0,0,0
475,Binary,0,0,0,0,0,0,0,0
476,Binary,0,0,0,0,0,0,0,0
477,Binary,0,0,0,0,0,0,0,0
478,Binary,0,0,0,0,0,0,0,0
479,Binary,0,0,0,0,0,0,0,0
480,Binary,0,0,0,0,0,0,0,0
481,Binary,0,0,0,0,0,0,0,0
482,Binary,0,0,0,0,0,0,0,0
483,Binary,0,0,0,0,0,0,0,0
484,Binary,0,0,0,0,0,0,0,0
485,Binary,0,0,0,0,0,0,0,0
486,Binary,0,0,0,0,0,0,0,0
487,Binary,0,0,0,0,0,0,0,0
488,Binary,0,0,0,0,0,0,0,0
489,Binary,0,0,0,0,0,0,0,0
490,Binary,0,0,0,0,0,0,0,0
491,Binary,0,0,0,0,0,0,0,0
492,Binary,0,0,0,0,0,0,0,0
493,Binary,0,0,0,0,0,0,0,0
494,Binary,0,0,0,0,0,0,0,0
495,Binary,0,0,0,0,0,0,0,0
496,Binary,0,0,0,0,0,0,0,0
497,Binary,0,0,0,0,0,0,0,0
498,Binary,0,0,0,0,0,0,0,0
499,Binary,0,0,0,0,0,0,0,0
500,Binary,0,0,0,0,0,0,0,0
501,Binary,0,0,0,0,0,0,0,0
502,Binary,0,0,0,0,0,0,0,0
503,Binary,0,0,0,0,0,0,0,0
504,Binary,0,0,0,0,0,0,0,0
505,Binary,0,0,0,0,0,0,0,0
506,Binary,0,0,0,0,0,0,0,0
507,Binary,0,0,0,0,0,0,0,0
508,Binary,0,0,0,0,0,0,0,0
509,Binary,0,0,0,0,0,0,0,0
510,Binary,0,0,0,0,0,0,0,0
511,Binary,0,0,0,0,0,0,0,0
512,Binary,0,0,0,0,0,0,0,0
513,Binary,0,0,0,0,0,0,0,0
514,Binary,0,0,0,0,0,0,0,0
515,Binary,0,0,0,0,0,0,0,0
516,Binary,0,0,0,0,0,0,0,0
517,Binary,0,0,0,0,0,0,0,0
518,Binary,0,0,0,0,0,0,0,0
519,Binary,0,0,0,0,0,0,0,0
520,Binary,0,0,0,0,0,0,0,0
521,Binary,0,0,0,0,0,0,0,0
522,Binary,0,0,0,0,0,0,0,0
523,Binary,0,0,0,0,0,0,0,0
524,Binary,0,0,0,0,0,0,0,0
525,Binary,0,0,0,0,0,0,0,0
526,Binary,0,0,0,0,0,0,0,0
527,Binary,0,0,0,0,0,0,0,0
528,Binary,0,0,0,0,0,0,0,0
529,Binary,0,0,0,0,0,0,0,0
530,Binary,0,0,0,0,0,0,0,0
531,Binary,0,0,0,0,0,0,0,0
532,Binary,0,0,0,0,0,0,0,0
533,Binary,0,0,0,0,0,0,0,0
534,Binary,0,0,0,0,0,0,0,0
535,Binary,0,0,0,0,0,0,0,0
536,Binary,0,0,0,0,0,0,0,0
537,Binary,0,0,0,0,0,0,0,0
538,Binary,0,0,0,0,0,0,0,0
539,Binary,0,0,0,0,0,0,0,0
540,Binary,0,0,0,0,0,0,0,0
541,Binary,0,0,0,0,0,0,0,0
542,Binary,0,0,0,0,0,0,0,0
543,Binary,0,0,0,0,0,0,0,0
544,Binary,0,0,0,0,0,0,0,0
545,Binary,0,0,0,0,0,0,0,0
546,Binary,0,0,0,0,0,0,0,0
547,Binary,0,0,0,0,0,0,0,0
548,Binary,0,0,0,0,0,0,0,0
549,Binary,0,0,0,0,0,0,0,0
550,Binary,0,0,0,0,0,0,0,0
551,Binary,0,0,0,0,0,0,0,0
552,Binary,0,0,0,0,0,0,0,0
553,Binary,0,0,0,0,0,0,0,0
554,Binary,0,0,0,0,0,0,0,0
555,Binary,0,0,0,0,0,0,0,0
556,Binary,0,0,0,0,0,0,0,0
557,Binary,0,0,0,0,0,0,0,0
558,Binary,0,0,0,0,0,0,0,0
559,Binary,0,0,0,0,0,0,0,0
560,Binary,0,0,0,0,0,0,0,0
561,Binary,0,0,0,0,0,0,0,0
562,Binary,0,0,0,0,0,0,0,0
563,Binary,0,0,0,0,0,0,0,0
564,Binary,0,0,0,0,0,0,0,0
565,Binary,0,0,0,0,0,0,0,0
566,Binary,0,0,0,0,0,0,0,0
567,Binary,0,0,0,0,0,0,0,0
568,Binary,0,0,0,0,0,0,0,0
569,Binary,0,0,0,0,0,0,0,0
570,Binary,0,0,0,0,0,0,0,0
571,Binary,0,0,0,0,0,0,0,0
572,Binary,0,0,0,0,0,0,0,0
573,Binary,0,0,0,0,0,0,0,0
574,Binary,0,0,0,0,0,0,0,0
575,Binary,0,0,0,0,0,0,0,0
576,Binary,0,0,0,0,0,0,0,0
577,Binary,0,0,0,0,0,0,0,0
578,Binary,0,0,0,0,0,0,0,0
579,Binary,0,0,0,0,0,0,0,0
580,Binary,0,0,0,0,0,0,0,0
581,Binary,0,0,0,0,0,0,0,0
582,Binary,0,0,0,0,0,0,0,0
583,Binary,0,0,0,0,0,0,0,0
584,Binary,0,0,0,0,0,0,0,0
585,Binary,0,0,0,0,0,0,0,0
586,Binary,0,0,0,0,0,0,0,0
587,Binary,0,0,0,0,0,0,0,0
588,Binary,0,0,0,0,0,0,0,0
589,Binary,0,0,0,0,0,0,0,0
590,Binary,0,0,0,0,0,0,0,0
591,Binary,0,0,0,0,0,0,0,0
592,Binary,0,0,0,0,0,0,0,0
593,Binary,0,0,0,0,0,0,0,0
594,Binary,0,0,0,0,0,0,0,0
595,Binary,0,0,0,0,0,0,0,0
596,Binary,0,0,0,0,0,0,0,0
597,Binary,0,0,0,0,0,0,0,0
598,Binary,0,0,0,0,0,0,0,0
599,Binary,0,0,0,0,0,0,0,0
600,Binary,0,0,0,0,0,0,0,0
601,Binary,0,0,0,0,0,0,0,0
602,Binary,0,0,0,0,0,0,0,0
603,Binary,0,0,0,0,0,0,0,0
604,Binary,0,0,0,0,0,0,0,0
605,Binary,0,0,0,0,0,0,0,0
606,Binary,0,0,0,0,0,0,0,0
607,Binary,0,0,0,0,0,0,0,0
608,Binary,0,0,0,0,0,0,0,0
609,Binary,0,0,0,0,0,0,0,0
610,Binary,0,0,0,0,0,0,0,0
611,Binary,0,0,0,0,0,0,0,0
612,Binary,0,0,0,0,0,0,0,0
613,Binary,0,0,0,0,0,0,0,0
614,Binary,0,0,0,0,0,0,0,0
615,Binary,0,0,0,0,0,0,0,0
616,Binary,0,0,0,0,0,0,0,0
617,Binary,0,0,0,0,0,0,0,0
618,Binary,0,0,0,0,0,0,0,0
619,Binary,0,0,0,0,0,0,0,0
620,Binary,0,0,0,0,0,0,0,0
621,Binary,0,0,0,0,0,0,0,0
622,Binary,0,0,0,0,0,0,0,0
623,Binary,0,0,0,0,0,0,0,0
624,Binary,0,0,0,0,0,0,0,0
625,Binary,0,0,0,0,0,0,0,0
626,Binary,0,0,0,0,0,0,0,0
627,Binary,0,0,0,0,0,0,0,0
628,Binary,0,0,0,0,0,0,0,0
629,Binary,0,0,0,0,0,0,0,0
630,Binary,0,0,0,0,0,0,0,0
631,Binary,0,0,0,0,0,0,0,0
632,Binary,0,0,0,0,0,0,0,0
633,Binary,0,0,0,0,0,0,0,0
634,Binary,0,0,0,0,0,0,0,0
635,Binary,0,0,0,0,0,0,0,0
636,Binary,0,0,0,0,0,0,0,0
637,Binary,0,0,0,0,0,0,0,0
638,Binary,0,0,0,0,0,0,0,0
639,Binary,0,0,0,0,0,0,0,0
640,Binary,0,0,0,0,0,0,0,0
641,Binary,0,0,0,0,0,0,0,0
642,Binary,0,0,0,0,0,0,0,0
643,Binary,0,0,0,0,0,0,0,0
644,Binary,0,0,0,0,0,0,0,0
645,Binary,0,0,0,0,0,0,0,0
646,Binary,0,0,0,0,0,0,0,0
647,Binary,0,0,0,0,0,0,0,0
648,Binary,0,0,0,0,0,0,0,0
649,Binary,0,0,0,0,0,0,0,0
650,Binary,0,0,0,0,0,0,0,0
651,Binary,0,0,0,0,0,0,0,0
652,Binary,0,0,0,0,0,0,0,0
653,Binary,0,0,0,0,0,0,0,0
654,Binary,0,0,0,0,0,0,0,0
655,Binary,0,0,0,0,0,0,0,0
656,Binary,0,0,0,0,0,0,0,0
